ccc %<<< clear all close all ccc function
L=[1  1  1  1  1  1  1  
1  0.830224  0.468849  -3.11754e-17  -0.468849  -0.830224  -1  
1  0.533908  -0.170271  -0.5  -0.170271  0.533908  1  
1  0.185289  -0.445618  4.67631e-17  0.445618  -0.185289  -1  
1  -0.131226  -0.23792  0.375  -0.23792  -0.131226  1  
1  -0.344336  0.155707  -5.84539e-17  -0.155707  0.344336  -1  
1  -0.41475  0.332106  -0.3125  0.332106  -0.41475  1  ];

dL=[0  0  0  0  0  0  0  
1  1  1  1  1  1  1  
-3  -2.49067  -1.40655  9.35262e-17  1.40655  2.49067  3  
-4  -1.66954  1.85136  3.5  1.85136  -1.66954  -4  
-10  -3.78769  1.71278  -2.33816e-16  -1.71278  3.78769  10  
-13  -0.488503  3.99263  0.125  3.99263  -0.488503  -13  
-21  -3.10862e-15  4.44089e-16  4.09177e-16  2.88658e-15  -4.88498e-15  21  
];

d2L =[0  0  0  0  0  0  0  
-50  -7.43641  7.15023  4.625  6.53776  5.12032  18  
-107.715  -5.53169  11.8412  -2.17934  3.06619  -1.88305  37.9764  
65.9668  -18.3208  -1.2887  10.3718  -2.4226  4.92614  -53.8979  
-251.038  -3.41648  5.99246  -3.31423  16.6779  -7.85951  144.983  
226.458  -25.5258  -0.984811  -0.112066  -3.43018  24.6087  -215.734  
-441  -7.87261e-14  -8.20972e-15  6.30559e-15  3.44437e-14  -9.19505e-14  441 ];


x=[1
0.830224
0.468849
-3.11754e-17
-0.468849
-0.830224
-1];
% 
% figure
% plot(x,L')
% figure
% plot(x,dL')